CAPA DE DATOS: lsp_inland_1mn_chl2022.

META: SENTIDO DE LUGAR O PERTENENCIA

SUBMETA: LUGARES ESPECIALES (STATUS y TREND 1 MN INLAND).
 	

1. Institución recolectora original (cuál institución que hizo la recolección de los datos de su fuente).

- Ministerio de Medio Ambiente de Chile
- Ministerio de las Culturas y las Artes de Chile.
- Servicio Nacional de Turismode Chile 

2. Institución que provee los datos a este proyecto (si es distinta de la recolectora).

- Infraestructura de Datos Geoespaciales (IDE).
- Así Conserva Chile.

3. Citas detalladas de la fuente, si se trata de uno o más artículos científicos.

- No Aplica

4. Método de captura de los datos. Si fue un estudio realizado para obtener esos datos, si se hizo utilizando algún instrumento de medición, cual método se aplicó, si se utilizó una encuesta o formulario para recogerlos, etc

- No aplica.

5. Periodo de tiempo que cubren los datos (año, mes, día desde y año, mes, día hasta).

- 2017; 2018; 2019; 2020 y 2021.

6. Unidad en la cual vienen los valores.

% (porcentaje de LSP con respecto al área de la región en 1 milla náutica tierra adentro).

7. Significado, explicación de cómo se deben interpretar los valores.

- En esta capa de datos se analiza el incremento de las los lugares especiales por año, en 1 mn (1,852 km costa adentro). 
- El primer año de análisis (2017), contempla todos los LSP prexistentes a la fecha. Los años siguientes de análisis, muestran los incrementos de los LSP para cada región (comuna).
- El valor en porcentaje muestra la proporción de la region cubierta por uno o mas LSP en 1 mn costa adentro.
  LSP:

 a) Áreas protegidas privadas (terrestres). 
 b) Bienes nacionales protegidos.
 c) Monumentos nacionales.
 d) Patrimonio mundial UNESCO.
 e) Sitios prioritarios de Conservación de la biodiversidad nacional.
 f) Sitios definidos por estrategia Regional de biodiversidad nacional.
 g) Áreas terrestres protegidas (parques nacionales y reservas naturales).
 h) Zonas de interés turístico.
	
8. Observación o comentario adicional sobre los datos.

- Los valores de LSP se construyeron considerando una capa formato shapefile que representa la distribución espacial de dieferentes sub-capas de interés.
- Los valores por región se obtuvieron intersectando la capa LSP para cada año con la capa de regiones.


9. Significado y explicación de las columnas que se incluirán en el archivo, si son diferentes de las que se especifican en OHI-ecu o si la capa de datos es nueva, creada ad hoc para este estudio regional. 

- En la primera columna de la capa de datos están los identificadores de cada región (rgn_id). 
- En la segunda columna está el que corresponde el dato. 
- En la tercera columna el valor en %.

rgn_id	year	%
1	2017	11
2	2017	8,4
3	2017	30,7
4	2017	10
5	2017	19,1
6	2017	68,7
7	2017	74,9
8	2017	0,1
9	2017	25,2
10	2017	6
11	2017	4,2
12	2017	14,9
13	2017	22,3
14	2017	0,7
15	2017	47,7
16	2017	2,8
17	2017	21
18	2017	48,2
19	2017	19,2
20	2017	2,3
21	2017	53,9
22	2017	0,3
23	2017	1,7
24	2017	57,3
25	2017	26,8
26	2017	19,1
27	2017	15,2
28	2017	12,2
29	2017	4,5
30	2017	36,1
31	2017	0,1
32	2017	48,9
33	2017	24,7
34	2017	11
35	2017	4,5
36	2017	24,5
37	2017	0,1
38	2017	0,1
39	2017	23
40	2017	30,8
41	2017	5,7
42	2017	63
43	2017	6,1
44	2017	21,9
45	2017	22,5
46	2017	70,4
47	2017	96,9
48	2017	0
49	2017	0,6
50	2017	29
51	2017	6,2
52	2017	0
53	2017	0
54	2017	15,9
55	2017	5,8
56	2017	38,8
57	2017	0,2
58	2017	39,8
59	2017	41,3
60	2017	7,7
61	2017	13,7
62	2017	5,1
63	2017	2,8
64	2017	8,6
65	2017	9,7
66	2017	12,2
67	2017	0,5
68	2017	0
69	2017	11,5
70	2017	0,6
71	2017	1,1
72	2017	16,1
73	2017	3
74	2017	0,5
75	2017	0,1
76	2017	3,7
77	2017	0,1
78	2017	0,3
79	2017	36,3
80	2017	19,4
81	2017	0,8
82	2017	8
83	2017	13,9
84	2017	0
85	2017	2
86	2017	0
87	2017	42,9
88	2017	15,2
89	2017	36,7
90	2017	6
91	2017	8,4
92	2017	31,1
93	2017	7,5
94	2017	31
95	2017	11,1
96	2017	0,9
97	2017	89,3
98	2017	52,2
99	2017	63,5
100	2017	42
101	2017	47,3
102	2017	1,2
103	2017	14,1
1	2018	11
2	2018	8,4
3	2018	30,7
4	2018	10,7
5	2018	19,1
6	2018	68,7
7	2018	74,9
8	2018	0,2
9	2018	25,2
10	2018	6
11	2018	4,2
12	2018	14,9
13	2018	22,5
14	2018	0,7
15	2018	47,7
16	2018	2,8
17	2018	28,5
18	2018	48,2
19	2018	19,2
20	2018	2,3
21	2018	56,9
22	2018	0,3
23	2018	1,8
24	2018	57,3
25	2018	26,8
26	2018	19,2
27	2018	15,2
28	2018	12,3
29	2018	4,5
30	2018	36,1
31	2018	0,1
32	2018	48,9
33	2018	24,7
34	2018	11
35	2018	4,5
36	2018	24,7
37	2018	0,1
38	2018	0,1
39	2018	44,9
40	2018	30,8
41	2018	5,8
42	2018	63,2
43	2018	6,1
44	2018	21,9
45	2018	22,5
46	2018	70,4
47	2018	97
48	2018	0
49	2018	0,6
50	2018	29
51	2018	6,2
52	2018	0
53	2018	0
54	2018	15,9
55	2018	6,2
56	2018	39,5
57	2018	0,2
58	2018	39,8
59	2018	41,3
60	2018	7,7
61	2018	13,7
62	2018	5,1
63	2018	2,8
64	2018	8,6
65	2018	9,7
66	2018	12,2
67	2018	0,5
68	2018	0
69	2018	11,5
70	2018	0,6
71	2018	1,1
72	2018	16,1
73	2018	3
74	2018	0,5
75	2018	0,1
76	2018	3,7
77	2018	0,1
78	2018	0,3
79	2018	36,3
80	2018	19,4
81	2018	0,8
82	2018	8
83	2018	13,9
84	2018	0
85	2018	2
86	2018	0
87	2018	42,9
88	2018	15,2
89	2018	36,7
90	2018	8,5
91	2018	9
92	2018	31,9
93	2018	7,5
94	2018	33,7
95	2018	11,2
96	2018	0,9
97	2018	91,9
98	2018	52,2
99	2018	63,5
100	2018	42
101	2018	47,3
102	2018	1,2
103	2018	14,1
1	2019	11
2	2019	81,3
3	2019	30,7
4	2019	10,7
5	2019	19,1
6	2019	71,2
7	2019	74,9
8	2019	0,2
9	2019	25,2
10	2019	6
11	2019	4,2
12	2019	14,9
13	2019	22,5
14	2019	0,7
15	2019	47,7
16	2019	93,4
17	2019	28,5
18	2019	48,2
19	2019	19,2
20	2019	39,8
21	2019	56,9
22	2019	0,3
23	2019	1,8
24	2019	57,3
25	2019	26,8
26	2019	19,2
27	2019	15,2
28	2019	12,3
29	2019	4,5
30	2019	36,1
31	2019	24,8
32	2019	48,9
33	2019	60,4
34	2019	11
35	2019	4,5
36	2019	24,7
37	2019	0,1
38	2019	0,2
39	2019	44,9
40	2019	30,8
41	2019	5,8
42	2019	63,2
43	2019	6,1
44	2019	21,9
45	2019	22,5
46	2019	70,4
47	2019	97,2
48	2019	0
49	2019	0,6
50	2019	29
51	2019	6,2
52	2019	0
53	2019	0
54	2019	15,9
55	2019	6,2
56	2019	39,5
57	2019	0,2
58	2019	39,8
59	2019	46
60	2019	7,7
61	2019	13,7
62	2019	5,1
63	2019	2,8
64	2019	8,6
65	2019	9,7
66	2019	12,2
67	2019	0,5
68	2019	11
69	2019	11,5
70	2019	0,7
71	2019	1,1
72	2019	83,7
73	2019	28
74	2019	0,5
75	2019	73,4
76	2019	30
77	2019	86,2
78	2019	85,7
79	2019	36,3
80	2019	19,4
81	2019	41,2
82	2019	10,1
83	2019	13,9
84	2019	0
85	2019	2
86	2019	0
87	2019	42,9
88	2019	15,2
89	2019	36,8
90	2019	8,5
91	2019	9
92	2019	31,9
93	2019	7,5
94	2019	33,7
95	2019	11,2
96	2019	0,9
97	2019	91,9
98	2019	52,4
99	2019	63,5
100	2019	42
101	2019	47,3
102	2019	1,2
103	2019	14,1
1	2020	11
2	2020	82
3	2020	30,7
4	2020	10,7
5	2020	19,1
6	2020	71,3
7	2020	83,3
8	2020	0,2
9	2020	25,2
10	2020	6
11	2020	4,2
12	2020	14,9
13	2020	22,5
14	2020	0,7
15	2020	47,7
16	2020	93,6
17	2020	28,5
18	2020	48,2
19	2020	19,2
20	2020	39,8
21	2020	56,9
22	2020	0,3
23	2020	1,8
24	2020	57,3
25	2020	26,8
26	2020	19,2
27	2020	15,2
28	2020	12,3
29	2020	4,5
30	2020	36,1
31	2020	24,9
32	2020	48,9
33	2020	60,4
34	2020	11
35	2020	4,5
36	2020	24,7
37	2020	0,1
38	2020	0,5
39	2020	44,9
40	2020	30,8
41	2020	5,8
42	2020	63,2
43	2020	6,1
44	2020	21,9
45	2020	29,2
46	2020	70,4
47	2020	97,2
48	2020	0
49	2020	0,6
50	2020	29
51	2020	6,2
52	2020	0
53	2020	0
54	2020	15,9
55	2020	6,2
56	2020	39,5
57	2020	0,3
58	2020	39,8
59	2020	46,4
60	2020	7,7
61	2020	13,7
62	2020	9,4
63	2020	2,8
64	2020	8,6
65	2020	9,7
66	2020	12,2
67	2020	0,5
68	2020	11
69	2020	11,5
70	2020	0,8
71	2020	1,1
72	2020	83,7
73	2020	28
74	2020	0,5
75	2020	73,4
76	2020	30
77	2020	86,2
78	2020	85,7
79	2020	36,3
80	2020	19,4
81	2020	41,2
82	2020	14,8
83	2020	14,5
84	2020	0
85	2020	2
86	2020	0
87	2020	43,5
88	2020	15,2
89	2020	36,9
90	2020	8,5
91	2020	9
92	2020	31,9
93	2020	7,5
94	2020	33,7
95	2020	11,2
96	2020	3,4
97	2020	91,9
98	2020	52,4
99	2020	63,5
100	2020	42
101	2020	47,3
102	2020	1,2
103	2020	14,1
1	2021	11
2	2021	82
3	2021	30,7
4	2021	10,7
5	2021	19,1
6	2021	71,3
7	2021	83,3
8	2021	0,2
9	2021	25,2
10	2021	6
11	2021	4,2
12	2021	14,9
13	2021	22,5
14	2021	0,7
15	2021	47,7
16	2021	93,6
17	2021	28,5
18	2021	48,2
19	2021	19,2
20	2021	39,8
21	2021	56,9
22	2021	0,3
23	2021	1,8
24	2021	57,3
25	2021	26,8
26	2021	19,2
27	2021	15,2
28	2021	12,3
29	2021	4,5
30	2021	36,1
31	2021	24,9
32	2021	48,9
33	2021	60,4
34	2021	11
35	2021	4,5
36	2021	24,7
37	2021	0,1
38	2021	0,5
39	2021	44,9
40	2021	30,8
41	2021	5,8
42	2021	63,2
43	2021	6,1
44	2021	21,9
45	2021	29,2
46	2021	70,4
47	2021	97,2
48	2021	0
49	2021	0,6
50	2021	29
51	2021	6,2
52	2021	0
53	2021	0
54	2021	15,9
55	2021	6,2
56	2021	39,5
57	2021	0,3
58	2021	39,8
59	2021	46,4
60	2021	7,7
61	2021	13,7
62	2021	9,4
63	2021	2,8
64	2021	8,6
65	2021	9,7
66	2021	12,2
67	2021	0,5
68	2021	11
69	2021	11,5
70	2021	0,8
71	2021	1,1
72	2021	83,7
73	2021	28
74	2021	0,6
75	2021	73,4
76	2021	30
77	2021	86,2
78	2021	85,7
79	2021	36,3
80	2021	19,4
81	2021	41,2
82	2021	14,8
83	2021	14,5
84	2021	0
85	2021	2
86	2021	0
87	2021	43,5
88	2021	15,2
89	2021	36,9
90	2021	8,5
91	2021	9
92	2021	31,9
93	2021	7,5
94	2021	33,7
95	2021	11,2
96	2021	3,4
97	2021	91,9
98	2021	52,4
99	2021	63,5
100	2021	42
101	2021	47,3
102	2021	1,2
103	2021	14,1



10. Fecha de revisión: 

- 8 de junio de 2023
